gene chr pos ref alt public mean_depth mean_maf depth1 maf1 depth2 maf2 depth3 maf3 depth4 maf4 depth5 maf5 depth6 maf6 depth7 maf7 depth8 maf8
HOXD11 2 176107373 C A 1 72.125 0.4701741387039613 75 0.466666666667 47 0.510638297872 54 0.518518518519 71 0.422535211268 123 0.439024390244 45 0.466666666667 57 0.508771929825 105 0.428571428571
TPM4 19 16081439 C A 1 62.0 0.5251600168607308 29 0.620689655172 78 0.538461538462 17 0.647058823529 29 0.344827586207 49 0.571428571429 109 0.504587155963 88 0.5 97 0.474226804124
FGFR1OP 6 167016269 G T 1 66.5 0.44339757485454856 26 0.384615384615 33 0.454545454545 173 0.439306358382 25 0.44 132 0.537878787879 49 0.428571428571 63 0.539682539683 31 0.322580645161
MSN X 65723645 G C 1 59.75 0.5199218526771595 147 0.482993197279 20 0.6 43 0.46511627907 44 0.318181818182 28 0.642857142857 113 0.495575221239 40 0.55 43 0.604651162791
CYLD 16 50779238 C T 1 55.875 0.48874569935299217 53 0.566037735849 25 0.4 121 0.528925619835 66 0.454545454545 45 0.4 44 0.454545454545 35 0.571428571429 58 0.534482758621
SFPQ 1 35189282 G A 1 68.5 0.4904609694819422 30 0.4 65 0.523076923077 146 0.486301369863 136 0.507352941176 25 0.48 100 0.44 23 0.521739130435 23 0.565217391304
RBM10 X 47147335 A G 1 32.25 0.4939806318882406 69 0.463768115942 21 0.619047619048 33 0.424242424242 27 0.37037037037 28 0.535714285714 23 0.565217391304 33 0.515151515152 24 0.458333333333
TET1 10 68684867 C T 1 96.125 0.5206775479727368 162 0.524691358025 114 0.535087719298 30 0.5 185 0.475675675676 27 0.518518518519 92 0.45652173913 134 0.514925373134 25 0.64
SSX1 X 48265882 T A 1 53.5 0.4993418289772029 47 0.553191489362 66 0.5 52 0.519230769231 85 0.517647058824 17 0.352941176471 74 0.5 29 0.51724137931 58 0.534482758621
TAF15 17 35812510 T G 1 70.875 0.48990350103927116 67 0.44776119403 53 0.396226415094 26 0.5 49 0.469387755102 72 0.486111111111 110 0.572727272727 88 0.556818181818 102 0.490196078431
MYB 6 135186220 A C 1 36.125 0.5076804141059924 21 0.52380952381 15 0.666666666667 26 0.461538461538 43 0.441860465116 27 0.481481481481 23 0.565217391304 37 0.405405405405 97 0.515463917526
GATA3 10 8058464 G C 1 56.0 0.4817426302830055 40 0.45 86 0.581395348837 17 0.470588235294 73 0.424657534247 35 0.571428571429 94 0.457446808511 67 0.537313432836 36 0.361111111111
NCOA2 8 70144801 G C 1 56.375 0.47139948352458383 43 0.302325581395 35 0.514285714286 150 0.52 58 0.48275862069 86 0.5 22 0.409090909091 18 0.555555555556 39 0.487179487179
HOXD13 2 176095044 T G 1 32.125 0.5281016688625384 22 0.545454545455 24 0.666666666667 44 0.386363636364 69 0.565217391304 18 0.5 20 0.45 18 0.611111111111 42 0.5
CIITA 16 10901074 T A 1 57.875 0.5610384237326598 56 0.625 23 0.434782608696 104 0.528846153846 112 0.553571428571 36 0.416666666667 71 0.619718309859 16 0.6875 45 0.622222222222
BRD4 19 15277435 C G 1 47.25 0.5020757454008442 22 0.5 35 0.4 23 0.608695652174 78 0.461538461538 25 0.52 28 0.535714285714 121 0.512396694215 46 0.478260869565
NFE2L2 2 177242426 T G 1 43.125 0.4569780246409043 49 0.408163265306 22 0.363636363636 38 0.421052631579 29 0.586206896552 60 0.516666666667 49 0.510204081633 43 0.395348837209 55 0.454545454545
MLLT3 9 20403850 T C 1 44.875 0.541731583435678 19 0.578947368421 78 0.538461538462 42 0.571428571429 35 0.6 51 0.509803921569 27 0.555555555556 71 0.535211267606 36 0.444444444444
BTG1 12 92143315 G C 1 46.625 0.4734851849255556 25 0.56 40 0.475 70 0.471428571429 29 0.48275862069 15 0.333333333333 38 0.684210526316 89 0.348314606742 67 0.432835820896
RUNX1 21 34969769 A G 1 50.375 0.49335493295796484 33 0.363636363636 83 0.457831325301 21 0.52380952381 41 0.414634146341 72 0.527777777778 36 0.444444444444 100 0.45 17 0.764705882353
MAML2 11 96173817 A C 1 42.625 0.5079500173047742 62 0.451612903226 52 0.480769230769 29 0.379310344828 87 0.436781609195 51 0.529411764706 16 0.5 28 0.535714285714 16 0.75
POU2AF1 11 111358141 T A 1 53.5 0.5142686621842627 53 0.547169811321 15 0.466666666667 46 0.630434782609 32 0.65625 126 0.468253968254 18 0.388888888889 67 0.477611940299 71 0.478873239437
NFIB 9 14125893 T G 1 48.625 0.43289926183947924 23 0.391304347826 77 0.428571428571 15 0.466666666667 74 0.540540540541 80 0.45 15 0.2 24 0.541666666667 81 0.444444444444
ELF4 X 130077276 C G 1 43.0 0.5204372929701877 66 0.560606060606 19 0.736842105263 24 0.416666666667 55 0.454545454545 24 0.541666666667 15 0.533333333333 76 0.473684210526 65 0.446153846154
MYOD1 11 17719782 T C 1 38.25 0.5003630253041655 34 0.558823529412 29 0.413793103448 60 0.55 44 0.431818181818 21 0.52380952381 21 0.619047619048 48 0.375 49 0.530612244898
PRCC 1 156792181 G A 1 43.25 0.48849153297682707 18 0.666666666667 55 0.418181818182 16 0.25 17 0.588235294118 22 0.409090909091 106 0.5 88 0.534090909091 24 0.541666666667
CIC 19 42284668 T A 1 68.125 0.532158282904093 99 0.505050505051 59 0.457627118644 34 0.470588235294 68 0.647058823529 92 0.630434782609 77 0.493506493506 67 0.522388059701 49 0.530612244898
TPM3 1 154180209 C T 1 71.25 0.5033736076385804 21 0.380952380952 57 0.491228070175 154 0.512987012987 87 0.459770114943 46 0.5 21 0.666666666667 54 0.5 130 0.515384615385
SYK 9 90885092 A G 1 60.75 0.5168466091059225 42 0.452380952381 28 0.642857142857 98 0.551020408163 50 0.46 43 0.488372093023 48 0.479166666667 123 0.560975609756 54 0.5
TFEB 6 41734106 G C 1 65.875 0.4910599714767079 72 0.402777777778 48 0.395833333333 187 0.508021390374 75 0.506666666667 25 0.68 47 0.446808510638 30 0.5 43 0.488372093023
POLQ 3 121521147 C A 1 46.625 0.44240844351426684 86 0.453488372093 70 0.428571428571 36 0.388888888889 25 0.44 39 0.384615384615 62 0.467741935484 39 0.538461538462 16 0.4375
ASXL1 20 32375598 C G 1 36.625 0.5027625860126659 21 0.47619047619 21 0.571428571429 34 0.470588235294 42 0.571428571429 92 0.467391304348 17 0.529411764706 32 0.40625 34 0.529411764706
SDC4 20 45342467 A T 1 60.375 0.5195686560276029 52 0.519230769231 49 0.448979591837 27 0.518518518519 97 0.453608247423 88 0.579545454545 24 0.666666666667 46 0.5 100 0.47
USP8 15 50511344 A T 1 30.375 0.5800228146251754 26 0.615384615385 30 0.5 19 0.631578947368 18 0.611111111111 15 0.533333333333 102 0.539215686275 17 0.647058823529 16 0.5625
IDH2 15 90100103 T G 1 55.5 0.5367730172411249 42 0.571428571429 41 0.512195121951 40 0.575 89 0.438202247191 16 0.75 99 0.505050505051 52 0.480769230769 65 0.461538461538
RNF43 17 58391963 G A 1 38.25 0.5046167816301514 22 0.454545454545 49 0.448979591837 74 0.594594594595 59 0.440677966102 35 0.514285714286 21 0.714285714286 23 0.304347826087 23 0.565217391304
PTPN13 4 86603680 T C 1 69.875 0.46808911412971754 35 0.514285714286 56 0.535714285714 135 0.481481481481 53 0.452830188679 80 0.4375 17 0.411764705882 69 0.463768115942 114 0.447368421053
PDGFRB 5 150132240 G C 1 30.25 0.4590339485076327 30 0.266666666667 42 0.428571428571 55 0.345454545455 19 0.631578947368 26 0.423076923077 18 0.5 26 0.423076923077 26 0.653846153846
CLTC 17 59687310 G A 1 64.875 0.48898240200998755 53 0.471698113208 86 0.476744186047 21 0.47619047619 26 0.461538461538 67 0.44776119403 31 0.516129032258 146 0.5 89 0.561797752809
HIP1 7 75723941 G C 1 50.0 0.4592469432057651 31 0.483870967742 22 0.681818181818 79 0.443037974684 75 0.426666666667 34 0.382352941176 16 0.3125 118 0.423728813559 25 0.52
DDIT3 12 57519988 C G 1 42.25 0.4409622582084316 36 0.527777777778 69 0.507246376812 39 0.435897435897 54 0.481481481481 43 0.372093023256 29 0.310344827586 40 0.5 28 0.392857142857
LRP1B 2 141858405 T G 1 69.0 0.5174019894970224 96 0.5 89 0.47191011236 16 0.5 59 0.440677966102 54 0.574074074074 96 0.4375 124 0.548387096774 18 0.666666666667
MLLT10 10 21683469 A G 1 59.0 0.5139785261094223 74 0.540540540541 65 0.584615384615 52 0.596153846154 38 0.394736842105 73 0.479452054795 36 0.583333333333 113 0.504424778761 21 0.428571428571
NUP214 9 131205642 A T 1 45.25 0.4412101573107008 88 0.522727272727 30 0.433333333333 26 0.461538461538 18 0.222222222222 92 0.5 48 0.479166666667 37 0.432432432432 23 0.478260869565
HOXD11 2 176108396 G C 1 58.5 0.5279106423133517 42 0.547619047619 60 0.633333333333 125 0.52 29 0.448275862069 84 0.488095238095 46 0.5 49 0.510204081633 33 0.575757575758
MUC1 1 155190426 T C 1 71.0 0.5504019629128396 37 0.594594594595 102 0.5 69 0.521739130435 79 0.544303797468 37 0.513513513514 22 0.636363636364 97 0.556701030928 125 0.536
RAD51B 14 67950299 C T 1 31.875 0.4756237673844972 19 0.421052631579 43 0.441860465116 26 0.653846153846 17 0.470588235294 23 0.260869565217 32 0.46875 18 0.555555555556 77 0.532467532468
SF3B1 2 197430914 A G 1 54.25 0.4570173012335974 26 0.269230769231 24 0.541666666667 81 0.444444444444 70 0.4 71 0.549295774648 73 0.438356164384 43 0.53488372093 46 0.478260869565
MYO5A 15 52508479 G A 1 37.125 0.486594433599211 20 0.55 70 0.428571428571 34 0.529411764706 57 0.526315789474 29 0.448275862069 28 0.428571428571 30 0.533333333333 29 0.448275862069
DDR2 1 162698129 A T 1 39.25 0.5233521550860603 41 0.463414634146 52 0.403846153846 43 0.604651162791 24 0.583333333333 37 0.486486486486 65 0.492307692308 16 0.625 36 0.527777777778
ARID2 12 45805713 C G 1 38.75 0.4419897667682013 35 0.371428571429 28 0.357142857143 43 0.418604651163 48 0.479166666667 45 0.488888888889 50 0.32 38 0.578947368421 23 0.521739130435
KDM5A 12 337039 G A 1 35.5 0.4676580014516061 33 0.606060606061 72 0.5 27 0.37037037037 43 0.511627906977 24 0.541666666667 24 0.25 39 0.461538461538 22 0.5
PRRX1 1 170690976 G C 1 45.25 0.5166145388183586 37 0.486486486486 23 0.478260869565 69 0.449275362319 50 0.64 68 0.441176470588 31 0.483870967742 45 0.666666666667 39 0.487179487179
JAK2 9 5055206 A T 1 66.0 0.5242729760509828 58 0.637931034483 21 0.47619047619 103 0.495145631068 99 0.555555555556 32 0.40625 18 0.555555555556 125 0.512 72 0.555555555556
SIX1 14 60645067 C G 1 32.75 0.5382613941016822 17 0.647058823529 37 0.540540540541 46 0.478260869565 26 0.423076923077 15 0.8 38 0.657894736842 56 0.5 27 0.259259259259
MAP2K2 19 4109128 G C 1 30.125 0.4631863206231063 18 0.277777777778 31 0.516129032258 18 0.333333333333 42 0.619047619048 28 0.571428571429 43 0.46511627907 27 0.481481481481 34 0.441176470588
CREBBP 16 3793976 C G 1 61.75 0.4890628728375423 100 0.45 80 0.4375 47 0.404255319149 40 0.55 20 0.55 25 0.44 75 0.52 107 0.560747663551
BAP1 3 52401652 A T 1 59.875 0.4661576306461934 25 0.48 22 0.454545454545 51 0.450980392157 70 0.428571428571 87 0.494252873563 91 0.450549450549 50 0.38 83 0.590361445783
SLC34A2 4 25672764 A C 1 70.75 0.5033923246373198 50 0.52 46 0.413043478261 38 0.526315789474 111 0.612612612613 51 0.470588235294 73 0.465753424658 39 0.487179487179 158 0.53164556962
CLTC 17 59646030 T C 1 43.75 0.43032576891272545 46 0.521739130435 91 0.417582417582 18 0.277777777778 37 0.351351351351 65 0.430769230769 27 0.481481481481 45 0.533333333333 21 0.428571428571
TP63 3 189644437 G T 1 49.25 0.5324454348209533 33 0.575757575758 24 0.458333333333 64 0.515625 29 0.48275862069 24 0.583333333333 159 0.572327044025 35 0.571428571429 26 0.5
ATF1 12 50794263 T G 1 84.625 0.4945237704472816 84 0.392857142857 125 0.536 54 0.5 91 0.527472527473 29 0.620689655172 65 0.461538461538 158 0.481012658228 71 0.43661971831
PIK3R1 5 68286085 G T 1 46.0 0.47550630577632497 28 0.357142857143 44 0.568181818182 24 0.5 65 0.415384615385 43 0.604651162791 22 0.409090909091 97 0.505154639175 45 0.444444444444
GOLGA5 14 92808960 A T 1 52.0 0.5323002502610541 56 0.607142857143 28 0.535714285714 42 0.642857142857 139 0.539568345324 22 0.409090909091 35 0.485714285714 58 0.48275862069 36 0.555555555556
SMARCA4 19 11015688 G T 1 46.625 0.5186632454830605 36 0.5 46 0.478260869565 69 0.434782608696 89 0.494382022472 19 0.736842105263 53 0.509433962264 35 0.457142857143 26 0.538461538462
ARID1B 6 156869782 T G 1 43.5 0.5321389973953494 57 0.491228070175 22 0.409090909091 37 0.486486486486 116 0.525862068966 27 0.555555555556 15 0.733333333333 18 0.555555555556 56 0.5
HOXD13 2 176094724 C A 1 54.125 0.49453341606688583 48 0.5625 39 0.538461538462 52 0.5 108 0.425925925926 23 0.521739130435 50 0.58 62 0.435483870968 51 0.392156862745
BRD4 19 15248792 A G 1 73.75 0.5038202732091184 34 0.558823529412 113 0.592920353982 34 0.411764705882 29 0.586206896552 27 0.444444444444 181 0.453038674033 114 0.535087719298 58 0.448275862069
CBFB 16 67036505 A C 1 50.0 0.4726097337507359 23 0.565217391304 23 0.347826086957 37 0.513513513514 76 0.407894736842 92 0.521739130435 54 0.388888888889 24 0.458333333333 71 0.577464788732
PLCG1 20 41154676 C A 1 60.0 0.46020408231019716 90 0.488888888889 16 0.4375 199 0.422110552764 36 0.472222222222 40 0.475 39 0.512820512821 37 0.351351351351 23 0.521739130435
HEY1 8 79766059 C G 1 49.5 0.5156469193133708 52 0.480769230769 29 0.551724137931 29 0.379310344828 52 0.557692307692 23 0.608695652174 42 0.52380952381 80 0.5625 89 0.460674157303
MLH1 3 37000008 A T 1 38.5 0.5188903457653458 18 0.444444444444 55 0.490909090909 30 0.466666666667 39 0.564102564103 50 0.46 20 0.6 16 0.625 80 0.5
MYOD1 11 17720097 G C 1 61.75 0.5356208716594746 75 0.493333333333 120 0.458333333333 32 0.59375 50 0.58 51 0.647058823529 111 0.477477477477 34 0.558823529412 21 0.47619047619
NUMA1 11 72052212 T A 1 63.5 0.507503392884927 125 0.56 82 0.5 138 0.514492753623 67 0.492537313433 16 0.6875 25 0.44 36 0.444444444444 19 0.421052631579
IL7R 5 35863869 A T 1 64.75 0.46443337863387574 75 0.506666666667 130 0.453846153846 21 0.333333333333 56 0.5 111 0.45045045045 37 0.378378378378 17 0.529411764706 71 0.56338028169
PTPN13 4 86611050 T C 1 82.75 0.510115302947239 50 0.54 114 0.473684210526 123 0.422764227642 65 0.492307692308 36 0.611111111111 68 0.514705882353 123 0.520325203252 83 0.506024096386
STAT3 17 42348873 G A 1 80.125 0.5080292075093177 53 0.622641509434 49 0.428571428571 86 0.476744186047 101 0.534653465347 66 0.530303030303 177 0.502824858757 71 0.521126760563 38 0.447368421053
HSP90AA1 14 102113329 T G 1 63.5 0.489016354016354 21 0.714285714286 36 0.416666666667 60 0.483333333333 50 0.48 55 0.436363636364 108 0.527777777778 108 0.453703703704 70 0.4
NRG1 8 32583995 C A 1 51.0 0.5514272508212139 46 0.586956521739 46 0.478260869565 33 0.545454545455 30 0.7 45 0.422222222222 54 0.537037037037 15 0.666666666667 139 0.474820143885
KDM6A X 45019263 G C 1 45.625 0.4392987080487081 24 0.25 63 0.428571428571 74 0.527027027027 42 0.547619047619 56 0.464285714286 21 0.52380952381 20 0.25 65 0.523076923077
CBFB 16 67070239 T G 1 57.625 0.5170170500359179 53 0.547169811321 20 0.6 15 0.466666666667 130 0.438461538462 90 0.555555555556 26 0.5 55 0.472727272727 72 0.555555555556
MDM2 12 68823315 A T 1 65.25 0.49000759629428237 17 0.352941176471 148 0.554054054054 20 0.55 115 0.530434782609 35 0.485714285714 61 0.327868852459 84 0.547619047619 42 0.571428571429
BCL2 18 63192015 C A 1 64.5 0.5378980451545112 78 0.5 15 0.6 32 0.5625 63 0.47619047619 71 0.521126760563 139 0.510791366906 22 0.590909090909 96 0.541666666667
HOXA9 7 27163406 G C 1 76.375 0.4674247132346043 29 0.448275862069 116 0.474137931034 108 0.435185185185 65 0.523076923077 100 0.52 95 0.431578947368 28 0.392857142857 70 0.514285714286
TRIP11 14 91980233 T A 1 63.625 0.5002604735663947 100 0.43 35 0.571428571429 27 0.37037037037 57 0.491228070175 40 0.575 80 0.5875 65 0.538461538462 105 0.438095238095
CYLD 16 50744114 G C 1 68.625 0.5343059117639399 81 0.567901234568 38 0.526315789474 29 0.586206896552 95 0.557894736842 21 0.571428571429 96 0.604166666667 122 0.44262295082 67 0.417910447761
KDM5A 12 334277 T A 1 37.5 0.5150352295833924 15 0.333333333333 19 0.789473684211 53 0.528301886792 48 0.5 35 0.428571428571 38 0.526315789474 22 0.5 70 0.514285714286
KDM6A X 45065577 A T 1 64.375 0.4911934280132726 51 0.43137254902 49 0.530612244898 32 0.46875 129 0.434108527132 152 0.434210526316 22 0.5 29 0.620689655172 51 0.509803921569
MYH9 22 36355517 T C 1 74.875 0.4925438440795592 47 0.553191489362 38 0.578947368421 81 0.530864197531 52 0.480769230769 70 0.4 79 0.493670886076 214 0.514018691589 18 0.388888888889
GPHN 14 66947817 A C 1 55.75 0.4814119795693864 71 0.521126760563 18 0.555555555556 61 0.426229508197 84 0.547619047619 45 0.355555555556 42 0.547619047619 42 0.5 83 0.397590361446
NUTM2D 10 87364387 A G 1 40.875 0.47723346430753955 60 0.4 15 0.666666666667 38 0.368421052632 21 0.333333333333 53 0.603773584906 64 0.46875 50 0.4 26 0.576923076923
LZTR1 22 20994147 A G 1 46.875 0.5331430120085459 17 0.588235294118 73 0.424657534247 133 0.451127819549 19 0.578947368421 28 0.678571428571 43 0.418604651163 32 0.625 30 0.5
FOXA1 14 37592927 C T 1 39.625 0.46593583481697504 27 0.37037037037 29 0.344827586207 104 0.480769230769 37 0.675675675676 16 0.4375 36 0.527777777778 53 0.490566037736 15 0.4
DNAJB1 19 14517808 G C 1 67.25 0.5208927786363058 31 0.483870967742 43 0.53488372093 126 0.507936507937 25 0.48 187 0.459893048128 32 0.5625 53 0.528301886792 41 0.609756097561
SETD2 3 47100348 T C 1 40.25 0.503359206182144 38 0.631578947368 30 0.666666666667 48 0.520833333333 23 0.521739130435 45 0.466666666667 58 0.51724137931 63 0.349206349206 17 0.352941176471
SALL4 20 51802311 G A 1 50.5 0.49774395226522883 45 0.377777777778 55 0.490909090909 47 0.553191489362 48 0.5 30 0.466666666667 91 0.516483516484 26 0.576923076923 62 0.5
ATR 3 142536039 G T 1 37.875 0.42082802984925627 106 0.490566037736 15 0.4 18 0.388888888889 42 0.404761904762 36 0.472222222222 35 0.4 24 0.291666666667 27 0.518518518519
TET2 4 105262647 A T 1 38.75 0.5189457412983518 56 0.5 56 0.464285714286 17 0.294117647059 85 0.447058823529 27 0.62962962963 23 0.652173913043 17 0.647058823529 29 0.51724137931
CLTC 17 59674266 G T 1 37.25 0.4833704455935986 48 0.5 20 0.4 28 0.571428571429 49 0.326530612245 19 0.526315789474 23 0.434782608696 72 0.569444444444 39 0.538461538462
KAT6B 10 74942368 T C 1 40.0 0.4688387901985304 41 0.512195121951 29 0.48275862069 34 0.5 36 0.416666666667 22 0.5 76 0.552631578947 64 0.453125 18 0.333333333333
NSD2 4 1906812 C A 0 67.5 0.005208333333333333 193 0 43 0 48 0 52 0 15 0 59 0 96 0.0416666666667 34 0
PDE4DIP 1 148900369 C G 0 61.0 0.013888888888888888 52 0 100 0 78 0 15 0 30 0 68 0 90 0.111111111111 55 0
FOXO4 X 71100826 A C 0 57.875 0.09990137820832917 136 0 52 0 92 0 18 0 62 0.241935483871 19 0.263157894737 67 0 17 0.294117647059
PCM1 8 17961521 C G 0 44.875 0.2296584504464939 69 0 27 0 24 0 45 0 56 0.5 88 0.488636363636 23 0.478260869565 27 0.37037037037
NFIB 9 14261795 G A 0 60.125 0.017361111111111112 50 0 44 0 69 0 37 0 57 0 118 0 72 0.138888888889 34 0
LPP 3 188553599 G T 0 38.25 0.011627906976744186 20 0 24 0 28 0 27 0 95 0 53 0 43 0.093023255814 16 0
RPL5 1 92837201 C G 0 60.375 0.014285714285714285 27 0 84 0 76 0 70 0.114285714286 125 0 34 0 41 0 26 0
SLC45A3 1 205675470 C T 0 63.0 0.008333333333333333 29 0 50 0 128 0 102 0 56 0 60 0.0666666666667 39 0 40 0
PATZ1 22 31335588 A T 0 57.5 0.04782759685136595 73 0 23 0 45 0 19 0 57 0.19298245614 20 0 99 0.0606060606061 124 0.129032258065
PLCG1 20 41143483 A C 0 54.0 0.008064516129032258 88 0 62 0.0645161290323 74 0 27 0 81 0 26 0 56 0 18 0
RAP1GDS1 4 98332166 T A 0 42.75 0.1788479262672811 54 0 25 0 28 0 24 0 41 0 25 0.44 124 0.41935483871 21 0.571428571429
FCGR2B 1 161678180 T C 0 71.75 0.006674757281553398 23 0 43 0 63 0 25 0 74 0 66 0 74 0 206 0.0533980582524
KLK2 19 50876588 C T 0 66.875 0.007102272727272727 50 0 176 0.0568181818182 15 0 60 0 83 0 95 0 19 0 37 0
LATS1 6 149674276 G T 0 56.0 0.0023584905660377358 49 0 20 0 44 0 17 0 29 0 27 0 50 0 212 0.0188679245283
GAS7 17 10169396 G T 0 41.0 0.008928571428571428 34 0 25 0 31 0 29 0 65 0 56 0.0714285714286 53 0 35 0
CBFA2T3 16 88953206 A C 0 75.375 0.0034482758620689655 27 0 51 0 28 0 47 0 147 0 80 0 78 0 145 0.0275862068966
EZH2 7 148879096 T C 0 73.75 0.0034482758620689655 85 0 145 0.0275862068966 174 0 91 0 15 0 22 0 31 0 27 0
PCM1 8 17985260 T A 0 60.625 0.15490924092409242 91 0 16 0 65 0 17 0 74 0 101 0.405940594059 15 0.333333333333 106 0.5
BCL3 19 44752789 G T 0 42.125 0.00909090909090909 33 0 55 0.0727272727273 33 0 26 0 49 0 78 0 20 0 43 0
CCND2 12 4293181 T A 0 68.25 0.01952441159307528 104 0 97 0.0618556701031 53 0.0943396226415 101 0 28 0 39 0 64 0 60 0
TFE3 X 49041048 T G 0 60.625 0.019230769230769232 78 0.0769230769231 30 0 74 0 91 0.0769230769231 15 0 60 0 48 0 89 0
MLLT1 19 6210975 C T 0 43.625 0.41375890443023755 53 0.433962264151 42 0.428571428571 15 0.266666666667 34 0.382352941176 29 0.51724137931 70 0.571428571429 17 0.294117647059 89 0.415730337079
NSD2 4 1935162 A G 0 50.875 0.005376344086021506 74 0 46 0 40 0 93 0.0430107526882 20 0 36 0 30 0 68 0
CREBBP 16 3738431 G T 0 57.375 0.011160714285714286 56 0.0892857142857 26 0 78 0 39 0 60 0 137 0 44 0 19 0
WDCP 2 24041087 C T 0 41.875 0.019230769230769232 28 0 17 0 66 0 26 0.153846153846 46 0 108 0 19 0 25 0
RUNX1 21 34991328 G T 0 61.5 0.0125 30 0 50 0 35 0 60 0.1 60 0 73 0 24 0 160 0
KIF5B 10 32026284 T G 0 61.125 0.00625 34 0 23 0 60 0 26 0 32 0 76 0 38 0 200 0.05
LEF1 4 108118234 T C 0 46.875 0.01282051282051282 25 0 69 0 63 0 39 0.102564102564 69 0 41 0 38 0 31 0
ACSL3 2 222876998 C G 0 37.0 0.012681159420289856 24 0 57 0 36 0 21 0 45 0 69 0.101449275362 27 0 17 0
SDC4 20 45334579 G T 0 58.875 0.028671328671328673 105 0 65 0.138461538462 113 0 55 0.0909090909091 32 0 21 0 25 0 55 0
MAML2 11 96267956 T A 0 56.125 0.004084967320261438 36 0 153 0.0326797385621 58 0 18 0 26 0 116 0 15 0 27 0
B2M 15 44712257 A C 0 48.5 0.00684931506849315 51 0 48 0 24 0 73 0.0547945205479 81 0 38 0 22 0 51 0
EBF1 5 159090807 G A 0 63.625 0.24657099402801808 90 0 40 0 34 0 116 0 38 0.552631578947 46 0.45652173913 41 0.463414634146 104 0.5
TFEB 6 41718534 G C 0 62.75 0.004761904761904762 23 0 23 0 90 0 107 0 29 0 36 0 105 0.0380952380952 89 0
ALK 2 29866248 G A 0 56.875 0.19216768751343222 22 0 36 0 63 0 67 0 85 0 36 0.583333333333 47 0.489361702128 99 0.464646464646
SF3B1 2 197390410 A G 0 67.375 0.25306178356814624 48 0 113 0 54 0 45 0 46 0.586956521739 75 0.386666666667 35 0.514285714286 123 0.536585365854
IKZF1 7 50350603 T G 0 66.75 0.03763616557734205 62 0 81 0 26 0 107 0 22 0 54 0.148148148148 85 0.152941176471 97 0
BCL11A 2 60470087 G A 0 56.0 0.008620689655172414 111 0 58 0.0689655172414 36 0 32 0 48 0 39 0 86 0 38 0
CBLC 19 44789699 A C 0 63.0 0.0045871559633027525 45 0 109 0.0366972477064 107 0 121 0 24 0 35 0 35 0 28 0
TGFBR2 3 30656488 A G 0 62.5 0.19111146178638164 26 0 54 0 16 0 88 0 58 0.448275862069 72 0 73 0.602739726027 113 0.477876106195
STRN 2 36936165 T G 0 90.25 0.0034482758620689655 65 0 68 0 145 0.0275862068966 193 0 18 0 33 0 131 0 69 0
EWSR1 22 29277755 G A 0 79.625 0.00589622641509434 106 0.0471698113208 64 0 207 0 52 0 102 0 23 0 59 0 24 0
MAPK1 22 21855471 G T 0 60.25 0.038918549544766284 94 0 110 0 18 0 93 0 21 0 46 0.130434782609 33 0.121212121212 67 0.0597014925373
HNRNPA2B1 7 26196393 T G 0 60.25 0.007194244604316547 139 0.0575539568345 57 0 15 0 140 0 18 0 23 0 39 0 51 0
CD274 9 5468073 A G 0 50.375 0.004132231404958678 32 0 44 0 25 0 63 0 35 0 121 0.0330578512397 52 0 31 0
ATR 3 142461314 T A 0 67.625 0.006024096385542169 101 0 65 0 68 0 83 0.0481927710843 110 0 49 0 43 0 22 0
LMO2 11 33866064 G A 0 67.25 0.003875968992248062 42 0 59 0 103 0 46 0 36 0 129 0.031007751938 89 0 34 0
CBLC 19 44788580 A T 0 55.5 0.003424657534246575 30 0 48 0 40 0 73 0 52 0 146 0.027397260274 35 0 20 0
CRTC3 15 90568341 G T 0 44.125 0.006944444444444444 72 0.0555555555556 25 0 22 0 59 0 47 0 44 0 56 0 28 0
MEN1 11 64809343 G A 0 76.25 0.18552924517894775 51 0.0980392156863 45 0 69 0 71 0 108 0.481481481481 100 0 89 0.52808988764 77 0.376623376623
CCNE1 19 29824114 C A 0 85.0 0.0125 20 0 94 0 40 0 28 0 40 0.1 271 0 64 0 123 0
TFG 3 100731488 G C 0 66.75 0.015432098765432098 116 0 55 0 35 0 81 0.123456790123 85 0 19 0 63 0 80 0
PPARG 3 12395892 C A 0 60.0 0.006313131313131313 99 0.0505050505051 89 0 37 0 96 0 31 0 47 0 33 0 48 0
NCOA2 8 70202846 A T 0 71.5 0.005050505050505051 99 0.040404040404 27 0 71 0 73 0 32 0 164 0 76 0 30 0
CREB3L2 7 137992125 C T 0 68.25 0.2715855625371746 77 0 23 0 203 0.0246305418719 51 0 60 0.55 28 0.571428571429 19 0.473684210526 85 0.552941176471
GOPC 6 117566702 A T 0 74.375 0.005733944954128441 42 0 126 0 103 0 109 0.045871559633 45 0 30 0 70 0 70 0
RABEP1 17 5350507 A C 0 57.25 0.17206312349501204 19 0 102 0 125 0 39 0 57 0.438596491228 30 0 68 0.382352941176 18 0.555555555556
PRKACA 19 14111872 T C 0 37.625 0.2351040547317143 38 0 15 0 17 0 60 0 47 0.31914893617 22 0.409090909091 75 0.56 27 0.592592592593
BARD1 2 214773653 C A 0 59.5 0.007142857142857143 18 0 83 0 70 0.0571428571429 46 0 70 0 89 0 80 0 20 0
BCOR X 40060670 A T 0 35.625 0.02353266888150609 45 0 56 0 18 0 34 0 43 0.093023255814 17 0 30 0 42 0.0952380952381
MYCN 2 15946995 C G 0 68.0 0.004424778761061947 113 0.0353982300885 35 0 19 0 80 0 72 0 72 0 65 0 88 0
CNBP 3 129182753 G C 0 64.25 0.0038461538461538464 130 0.0307692307692 67 0 27 0 81 0 65 0 32 0 82 0 30 0
CTCF 16 67608912 C G 0 51.125 0.0078125 57 0 63 0 25 0 49 0 44 0 64 0.0625 75 0 32 0
CLIP1 12 122308347 T G 0 90.75 0.0029904306220095694 26 0 209 0.0239234449761 198 0 71 0 141 0 20 0 33 0 28 0
PPARG 3 12431632 T A 0 62.0 0.003968253968253968 31 0 69 0 56 0 33 0 74 0 58 0 126 0.031746031746 49 0
RHOA 3 49396261 T G 0 68.25 0.00510204081632653 44 0 98 0.0408163265306 18 0 114 0 40 0 84 0 82 0 66 0
TGFBR2 3 30652498 G T 0 59.75 0.006097560975609756 70 0 29 0 20 0 55 0 48 0 123 0.0487804878049 16 0 117 0
FAS 10 88995837 T G 0 55.125 0.01437018701870187 101 0.0594059405941 72 0.0555555555556 47 0 17 0 95 0 40 0 42 0 27 0
FOXP1 3 71184449 G T 0 71.375 0.004201680672268907 123 0 55 0 37 0 119 0.0336134453782 28 0 64 0 47 0 98 0
MITF 3 69802633 C A 0 64.375 0.00423728813559322 55 0 36 0 118 0.0338983050847 17 0 59 0 33 0 42 0 155 0
CRTC3 15 90538645 G C 0 54.25 0.013888888888888888 54 0.111111111111 87 0 24 0 25 0 55 0 28 0 92 0 69 0
BAX 19 48959124 G C 0 58.75 0.020682367149758452 72 0.111111111111 92 0.054347826087 74 0 31 0 38 0 46 0 70 0 47 0
KDR 4 55117989 C A 0 50.875 0.007352941176470588 31 0 16 0 85 0.0588235294118 20 0 112 0 32 0 59 0 52 0
MAP3K1 5 56853038 T G 0 57.375 0.24865702860091404 24 0 45 0 100 0 105 0 38 0.552631578947 40 0.375 51 0.490196078431 56 0.571428571429
NR4A3 9 99837559 A G 0 44.25 0.25557918813893077 17 0 43 0 36 0 50 0 51 0.56862745098 54 0.592592592593 64 0.421875 39 0.461538461538
TP53 17 7680884 G T 0 57.0 0.2500843866528517 26 0 81 0 30 0 72 0 71 0.591549295775 57 0.491228070175 55 0.527272727273 64 0.390625
KDSR 18 63359211 G A 0 67.125 0.003834355828220859 35 0 30 0 78 0 163 0.0306748466258 54 0 33 0 127 0 17 0
IKBKB 8 42276513 A C 0 46.625 0.1993684668989547 23 0 85 0 17 0 55 0 41 0.487804878049 28 0.607142857143 72 0 52 0.5
B2M 15 44716118 A G 0 62.5 0.2462186844719126 36 0 107 0 29 0 85 0 52 0.423076923077 41 0.463414634146 85 0.529411764706 65 0.553846153846
OLIG2 21 33027526 C A 0 67.625 0.00510204081632653 33 0 98 0.0408163265306 131 0 15 0 94 0 88 0 60 0 22 0
RABEP1 17 5324490 T A 0 47.375 0.0763279132791328 41 0.219512195122 45 0.244444444444 75 0.08 60 0.0666666666667 28 0 79 0 35 0 16 0
ROS1 6 117304417 C T 0 44.375 0.004032258064516129 30 0 124 0.0322580645161 42 0 19 0 43 0 39 0 38 0 20 0
HMGA1 6 34241284 G A 0 60.875 0.004201680672268907 18 0 105 0 24 0 29 0 89 0 119 0.0336134453782 52 0 51 0
CREB3L2 7 137994500 A C 0 68.25 0.03281951817068191 79 0.101265822785 73 0 51 0 31 0.161290322581 117 0 47 0 47 0 101 0
EPAS1 2 46349170 C G 0 44.125 0.010775862068965518 15 0 21 0 39 0 52 0 49 0 85 0 34 0 58 0.0862068965517
PDCD1LG2 9 5568563 T C 0 69.75 0.0075 18 0 29 0 191 0 63 0 41 0 26 0 90 0 100 0.06
TRIM27 6 28903339 T G 0 55.75 0.004201680672268907 45 0 56 0 37 0 54 0 45 0 37 0 119 0.0336134453782 53 0
MITF 3 69899915 C A 0 47.75 0.010869565217391304 53 0 31 0 73 0 26 0 46 0.0869565217391 62 0 46 0 45 0
MED12 X 71132990 A C 0 75.75 0.02129817444219067 102 0.078431372549 34 0 87 0.0919540229885 231 0 35 0 50 0 28 0 39 0
KLF6 10 3780533 G T 0 72.625 0.010802469135802469 95 0 32 0 48 0 81 0.0864197530864 125 0 68 0 50 0 82 0
KDM6A X 44936063 T C 0 79.125 0.005434782608695652 128 0 59 0 118 0 115 0.0434782608696 19 0 46 0 105 0 43 0
PPP2R1A 19 52225150 A C 0 100.75 0.019021739130434784 92 0.152173913043 193 0 271 0 52 0 29 0 16 0 38 0 115 0
MYD88 3 38139758 A C 0 34.5 0.14500000000000002 32 0 33 0 17 0 48 0 25 0.64 56 0 25 0.52 40 0
ARID1B 6 156940900 C G 0 52.125 0.004901960784313725 31 0 40 0 56 0 30 0 113 0 16 0 29 0 102 0.0392156862745
TENT5C 1 117614047 A C 0 77.0 0.002976190476190476 131 0 168 0.0238095238095 25 0 76 0 32 0 20 0 120 0 44 0
MITF 3 69906596 A G 0 72.125 0.003937007874015748 132 0 127 0.0314960629921 28 0 33 0 104 0 38 0 36 0 79 0
PRDM16 1 3403162 G T 0 86.75 0.0018181818181818182 275 0.0145454545455 56 0 72 0 62 0 15 0 123 0 20 0 71 0
FAT4 4 125396400 G T 0 41.875 0.17322515212981743 56 0 19 0 15 0 26 0 58 0.603448275862 34 0.382352941176 102 0 25 0.4
RAD21 8 116863715 G C 0 53.75 0.005319148936170213 67 0 94 0.0425531914894 64 0 55 0 24 0 37 0 47 0 42 0
IRF4 6 396818 A G 0 72.625 0.004777070063694267 31 0 157 0.0382165605096 130 0 80 0 110 0 27 0 23 0 23 0
PPARG 3 12403743 C A 0 40.5 0.27396901344269764 16 0 22 0 41 0 52 0 21 0.52380952381 22 0.636363636364 55 0.6 95 0.431578947368
RET 10 43079078 G A 0 43.625 0.2076636904761905 49 0 32 0 24 0 45 0 16 0.4375 90 0.588888888889 72 0.444444444444 21 0.190476190476
HGF 7 81753230 G A 0 66.625 0.01938229914169129 89 0 71 0 69 0.0579710144928 103 0.0970873786408 84 0 31 0 35 0 51 0
HSP90AB1 6 44248073 T C 0 69.125 0.007575757575757576 169 0 99 0.0606060606061 15 0 58 0 54 0 51 0 48 0 59 0
TRIM24 7 138531824 G T 0 60.75 0.0136986301369863 50 0 42 0 28 0 87 0 73 0.109589041096 61 0 58 0 87 0
POU2AF1 11 111356902 G T 0 64.375 0.0043859649122807015 72 0 114 0.0350877192982 62 0 89 0 31 0 36 0 46 0 65 0
WDCP 2 24040724 T A 0 71.75 0.019550528789659224 115 0.0347826086957 73 0 74 0.121621621622 103 0 32 0 70 0 38 0 69 0
TLX1 10 101132229 A C 0 59.625 0.007246376811594203 50 0 64 0 22 0 107 0 69 0.0579710144928 16 0 54 0 95 0
CDKN2A 9 21970136 C A 0 81.125 0.008333333333333333 22 0 96 0 78 0 42 0 165 0.0666666666667 155 0 68 0 23 0
PIK3R1 5 68260063 T G 0 59.0 0.015476190476190477 47 0 90 0.0444444444444 63 0.0793650793651 93 0 30 0 92 0 38 0 19 0
PREX2 8 68107219 C T 0 57.5 0.006024096385542169 29 0 83 0.0481927710843 29 0 116 0 51 0 15 0 60 0 77 0
XPO1 2 61481185 T A 0 79.875 0.006048387096774193 18 0 126 0 124 0.0483870967742 46 0 148 0 90 0 65 0 22 0
EPAS1 2 46348211 T C 0 108.0 0.007692307692307693 38 0 250 0 45 0 61 0 202 0 117 0 65 0.0615384615385 86 0
PHF6 X 134425560 C A 0 67.125 0.009615384615384616 96 0 60 0 85 0 91 0.0769230769231 75 0 15 0 36 0 79 0
HIF1A 14 61735663 T C 0 63.75 0.0033112582781456954 65 0 151 0.0264900662252 35 0 34 0 100 0 21 0 34 0 70 0
PBX1 1 164819482 C A 0 55.25 0.01201923076923077 20 0 28 0 25 0 104 0.0961538461538 58 0 90 0 101 0 16 0
CNOT3 19 54142725 G A 0 70.125 0.00423728813559322 85 0 18 0 46 0 111 0 118 0.0338983050847 71 0 70 0 42 0
SS18 18 26053674 C G 0 45.125 0.25880681818181817 30 0 26 0 32 0 106 0 44 0.590909090909 55 0.454545454545 28 0.5 40 0.525
GNAS 20 58868702 A T 0 68.625 0.00539568345323741 54 0 61 0 41 0 58 0 140 0 139 0.0431654676259 27 0 29 0
ATP2B3 X 153550743 T C 0 70.375 0.011111111111111112 45 0.0888888888889 42 0 95 0 34 0 72 0 89 0 93 0 93 0
ERBB3 12 56087289 C T 0 91.375 0.020926686582026385 31 0 31 0 131 0 79 0 118 0 57 0 206 0.0776699029126 78 0.0897435897436
ETV4 17 43536299 A G 0 51.125 0.048324059353471116 63 0 74 0.22972972973 51 0.156862745098 27 0 18 0 52 0 60 0 64 0
BCORL1 X 130047023 G C 0 55.25 0.007731958762886598 42 0 97 0.0618556701031 27 0 68 0 36 0 107 0 33 0 32 0
TENT5C 1 117621426 G A 0 49.5 0.010670731707317074 21 0 33 0 82 0.0853658536585 99 0 44 0 39 0 44 0 34 0
NOTCH1 9 136544983 G C 0 56.0 0.0044964028776978415 21 0 50 0 27 0 32 0 17 0 128 0 139 0.0359712230216 34 0
ACSL3 2 222894720 T C 0 64.75 0.007352941176470588 68 0.0588235294118 35 0 20 0 73 0 18 0 88 0 119 0 97 0
IL6ST 5 55980680 A G 0 58.625 0.004807692307692308 38 0 15 0 36 0 114 0 40 0 55 0 67 0 104 0.0384615384615
TPM4 19 16099665 A G 0 45.5 0.003787878787878788 26 0 81 0 24 0 22 0 132 0.030303030303 16 0 25 0 38 0
ZMYM2 13 19987641 A C 0 43.5 0.012037037037037037 35 0 27 0 18 0 24 0 135 0.0962962962963 33 0 47 0 29 0
NCOR2 12 124338877 G C 0 75.875 0.010294117647058823 26 0 77 0 39 0 85 0.0823529411765 38 0 123 0 86 0 133 0
CTCF 16 67592616 T A 0 58.25 0.006756756756756757 100 0 19 0 74 0.0540540540541 51 0 28 0 90 0 32 0 72 0
CEBPA 19 33300413 A C 0 44.75 0.030877976190476192 22 0 57 0 51 0 56 0 64 0 42 0.142857142857 18 0 48 0.104166666667
CYLD 16 50801295 A C 0 75.0 0.02085133967156439 114 0 26 0 63 0 54 0 51 0 143 0.0769230769231 89 0.0898876404494 60 0
USP8 15 50457382 A C 0 59.875 0.04436749593889054 71 0.0985915492958 38 0 133 0.0676691729323 53 0.188679245283 31 0 35 0 22 0 96 0
CREB1 2 207553215 T C 0 66.625 0.008561643835616438 88 0 119 0 86 0 54 0 73 0.0684931506849 36 0 24 0 53 0
ARNT 1 150825077 T G 0 43.75 0.18634186818397344 60 0 43 0 24 0 26 0 53 0 50 0.44 37 0.594594594595 57 0.456140350877
CDH1 16 68824859 T G 0 52.625 0.00909090909090909 24 0 18 0 30 0 63 0 22 0 33 0 66 0 165 0.0727272727273
FAT4 4 125409887 T C 0 61.5 0.005813953488372093 36 0 19 0 86 0.046511627907 46 0 37 0 99 0 83 0 86 0
ACKR3 2 236571343 A T 0 60.125 0.00819672131147541 120 0 45 0 19 0 61 0.0655737704918 42 0 46 0 115 0 33 0
DDX6 11 118777829 C G 0 52.5 0.00819672131147541 61 0.0655737704918 34 0 37 0 25 0 48 0 118 0 53 0 44 0
MAP2K4 17 12081133 A C 0 71.125 0.006215469613259668 72 0 72 0 49 0 25 0 91 0 61 0 181 0.0497237569061 18 0
FOXP1 3 71289748 C G 0 83.125 0.004098360655737705 164 0 33 0 63 0 39 0 183 0.0327868852459 67 0 48 0 68 0
FAS 10 88997635 C T 0 59.375 0.003787878787878788 99 0 40 0 79 0 24 0 132 0.030303030303 29 0 42 0 30 0
MSI2 17 57330311 A T 0 75.875 0.006493506493506494 55 0 59 0 85 0 90 0 102 0 77 0.0519480519481 103 0 36 0
NAB2 12 57094909 A G 0 58.5 0.2026605339105339 52 0 41 0 26 0 19 0 38 0 80 0.55 77 0.493506493506 135 0.577777777778
NOTCH2 1 119971341 G C 0 51.375 0.01358695652173913 49 0 69 0 23 0 59 0 28 0 109 0 46 0.108695652174 28 0
EWSR1 22 29293681 T C 0 58.0 0.00510204081632653 88 0 24 0 27 0 98 0.0408163265306 101 0 42 0 64 0 20 0
FOXA1 14 37590171 A G 0 47.125 0.00946969696969697 20 0 91 0 53 0 40 0 19 0 66 0.0757575757576 60 0 28 0
MDM2 12 68830248 G A 0 44.125 0.01282051282051282 41 0 37 0 65 0 33 0 42 0 39 0 39 0.102564102564 57 0
CDX2 13 27962548 G T 0 44.0 0.2775452488687783 31 0 24 0 83 0 63 0 68 0.558823529412 27 0.666666666667 30 0.533333333333 26 0.461538461538
RSPO2 8 108067948 A T 0 69.125 0.0049504950495049506 46 0 101 0.039603960396 21 0 25 0 16 0 132 0 118 0 94 0
FGFR4 5 177088870 G A 0 54.375 0.012971698113207548 28 0 31 0 110 0 106 0.103773584906 57 0 44 0 21 0 38 0
FEV 2 218981401 T A 0 63.5 0.010245901639344262 53 0 96 0 61 0.0819672131148 72 0 56 0 56 0 20 0 94 0
MLLT6 17 38717425 A C 0 75.0 0.005434782608695652 92 0.0434782608696 82 0 34 0 50 0 132 0 105 0 82 0 23 0
PRKACA 19 14114130 G T 0 41.25 0.06753389154704945 32 0 44 0 19 0 29 0 55 0.272727272727 57 0.0701754385965 18 0 76 0.197368421053
NUTM2B 10 79709465 A G 0 77.875 0.013392857142857142 75 0 54 0 140 0 68 0 56 0.107142857143 25 0 35 0 170 0
PTPRT 20 42922538 C G 0 42.0 0.10170454545454546 34 0 47 0 28 0 65 0 22 0.363636363636 63 0 40 0.45 37 0
IKZF1 7 50319396 A T 0 49.5 0.017857142857142856 148 0 28 0.142857142857 61 0 37 0 57 0 16 0 33 0 16 0
CARS 11 3006219 C T 0 64.875 0.003125 46 0 62 0 121 0 41 0 31 0 160 0.025 35 0 23 0
MAP2K4 17 12055259 A G 0 74.125 0.007575757575757576 54 0 74 0 75 0 66 0.0606060606061 220 0 22 0 37 0 45 0
IRF4 6 395318 G C 0 40.625 0.24256079027355623 19 0 23 0 53 0 31 0 50 0.5 25 0.48 77 0.428571428571 47 0.531914893617
MALT1 18 58721396 G C 0 60.625 0.37678672193515084 51 0.43137254902 49 0.326530612245 108 0.361111111111 21 0.333333333333 69 0.536231884058 100 0.49 56 0.535714285714 31 0
FAT4 4 125400931 A G 0 76.125 0.0048543689320388345 103 0.0388349514563 108 0 71 0 20 0 74 0 73 0 59 0 101 0
BRAF 7 140770420 A C 0 61.25 0.013276143790849673 65 0 34 0 82 0 30 0 102 0.078431372549 15 0 18 0 144 0.0277777777778
MYD88 3 38140870 A C 0 51.125 0.08610681114551083 72 0 23 0 49 0 33 0 76 0.131578947368 67 0 38 0.263157894737 51 0.294117647059
NF2 22 29696060 C T 0 70.375 0.04594496026258604 31 0 123 0 72 0 101 0 51 0.235294117647 79 0.0506329113924 49 0.0816326530612 57 0
ABL1 9 130805934 C T 0 79.125 0.0035211267605633804 73 0 19 0 88 0 29 0 144 0 23 0 44 0 213 0.0281690140845
FES 15 90890344 A C 0 54.625 0.005368098159509203 42 0 56 0 33 0 163 0.0429447852761 67 0 32 0 28 0 16 0
EZR 6 158808794 A C 0 72.125 0.003955696202531646 43 0 158 0.0316455696203 72 0 68 0 18 0 24 0 169 0 25 0
BCORL1 X 130013078 C G 0 51.75 0.010638297872340425 25 0 131 0 17 0 47 0.0851063829787 85 0 34 0 47 0 28 0
TERT 5 1269759 A T 0 64.375 0.26373564936787697 86 0 66 0 29 0 43 0 22 0.681818181818 39 0.512820512821 124 0.443548387097 106 0.471698113208
PTPRB 12 70580733 C T 0 62.0 0.0034965034965034965 23 0 43 0 36 0 84 0 53 0 73 0 143 0.027972027972 41 0
KAT6B 10 75015654 T A 0 55.375 0.006578947368421052 28 0 76 0.0526315789474 22 0 33 0 38 0 86 0 111 0 49 0
IKBKB 8 42312319 A G 0 70.0 0.009722222222222222 76 0 157 0 79 0 39 0 90 0.0777777777778 61 0 30 0 28 0
ZRSR2 X 15820217 C A 0 67.25 0.007042253521126761 36 0 185 0 118 0 16 0 71 0.056338028169 33 0 28 0 51 0
AKT2 19 40250385 T A 0 71.125 0.1310377358490566 53 0 20 0 97 0 99 0 22 0 25 0.52 106 0.528301886792 147 0
EIF3E 8 108231665 T C 0 86.375 0.003205128205128205 156 0.025641025641 17 0 47 0 44 0 62 0 273 0 69 0 23 0
CHD4 12 6602656 G T 0 57.875 0.007716049382716049 76 0 51 0 33 0 40 0 81 0.0617283950617 33 0 61 0 88 0
CANT1 17 78997856 G C 0 40.625 0.007936507936507936 50 0 63 0.0634920634921 47 0 32 0 28 0 39 0 45 0 21 0
CACNA1D 3 53543651 T C 0 53.375 0.2366951064391485 22 0 54 0 53 0 64 0 129 0.573643410853 16 0.5 51 0.372549019608 38 0.447368421053
NOTCH1 9 136518222 C A 0 55.625 0.19831334332833583 142 0 68 0 37 0 39 0 40 0.6 38 0 58 0.551724137931 23 0.434782608696
LCK 1 32265133 T A 0 55.5 0.012048192771084338 54 0 83 0.0963855421687 18 0 32 0 22 0 79 0 84 0 72 0
PDGFRB 5 150150322 A G 0 75.25 0.02159090909090909 60 0.1 79 0 55 0.0727272727273 134 0 104 0 30 0 28 0 112 0
EGFR 7 55191794 C A 0 53.125 0.00625 48 0 20 0 51 0 80 0.05 95 0 48 0 25 0 58 0
EWSR1 22 29282294 T G 0 47.125 0.010245901639344262 65 0 34 0 15 0 28 0 52 0 122 0.0819672131148 35 0 26 0
MLH1 3 36999555 G T 0 74.25 0.013157894736842105 236 0 38 0.105263157895 102 0 117 0 38 0 15 0 26 0 22 0
RAP1GDS1 4 98391999 C T 0 62.0 0.0078125 54 0 114 0 28 0 42 0 53 0 55 0 86 0 64 0.0625
GRIN2A 16 10012823 C A 0 61.0 0.0078125 66 0 160 0.0625 61 0 74 0 45 0 33 0 29 0 20 0
PRDM1 6 106095933 C G 0 69.875 0.020030545112781954 133 0.0977443609023 82 0 64 0.0625 51 0 38 0 26 0 28 0 137 0
FOXP1 3 71114963 A G 0 44.625 0.07670340177133655 47 0 65 0 39 0 29 0 69 0.115942028986 48 0.3125 27 0.185185185185 33 0
TCF3 19 1647169 G C 0 84.125 0.009328358208955223 67 0.0746268656716 57 0 67 0 43 0 46 0 50 0 117 0 226 0
CBLB 3 105706147 T C 0 71.375 0.05236807604064241 45 0.0888888888889 62 0 113 0.070796460177 27 0.259259259259 34 0 84 0 68 0 138 0
STRN 2 36920440 A T 0 56.375 0.2426219512195122 22 0 61 0 57 0 19 0 15 0.333333333333 120 0.5 75 0.546666666667 82 0.560975609756
WDCP 2 24037450 T G 0 74.875 0.006382978723404255 69 0 81 0 25 0 81 0 21 0 235 0.0510638297872 21 0 66 0
SLC45A3 1 205666986 G T 0 60.875 0.0056179775280898875 48 0 26 0 43 0 89 0.0449438202247 64 0 31 0 74 0 112 0
CBL 11 119226330 T A 0 83.875 0.0054611650485436895 16 0 120 0 41 0 47 0 206 0.0436893203883 103 0 52 0 86 0
CDH11 16 64976668 C G 0 52.5 0.0045871559633027525 33 0 109 0.0366972477064 21 0 106 0 25 0 63 0 47 0 16 0
RPN1 3 128625644 A T 0 61.25 0.015384615384615385 23 0 34 0 35 0 21 0 16 0 101 0 65 0.123076923077 195 0
ACVR1B 12 51970613 A T 0 71.875 0.004032258064516129 52 0 98 0 78 0 23 0 100 0 18 0 124 0.0322580645161 82 0
PDGFRA 4 54241236 C A 0 66.5 0.006944444444444444 126 0 50 0 82 0 46 0 72 0.0555555555556 16 0 64 0 76 0
RB1 13 48463771 T G 0 65.125 0.008254716981132075 106 0.0660377358491 50 0 38 0 62 0 47 0 48 0 108 0 62 0
TP53 17 7675712 C T 0 63.25 0.0041946308724832215 149 0.0335570469799 37 0 23 0 24 0 69 0 102 0 42 0 60 0
CACNA1D 3 53614074 T G 0 69.5 0.004629629629629629 22 0 34 0 103 0 33 0 58 0 38 0 162 0.037037037037 106 0
POLQ 3 121501282 G C 0 61.5 0.005208333333333333 34 0 96 0.0416666666667 35 0 140 0 38 0 77 0 39 0 33 0
SIX1 14 60646387 C T 0 62.625 0.01 62 0 23 0 50 0 212 0 50 0.08 22 0 15 0 67 0
HIST1H4I 6 27138952 C T 0 39.625 0.006756756756756757 18 0 26 0 48 0 74 0.0540540540541 50 0 43 0 27 0 31 0
PLAG1 8 56194967 G A 0 57.25 0.004807692307692308 51 0 104 0.0384615384615 62 0 48 0 50 0 95 0 16 0 32 0
TMPRSS2 21 41499067 G T 0 64.75 0.0031446540880503146 98 0 159 0.0251572327044 22 0 25 0 87 0 41 0 56 0 30 0
HSP90AB1 6 44252510 C A 0 106.625 0.011111111111111112 167 0 78 0 90 0.0888888888889 113 0 66 0 52 0 74 0 213 0
CLTCL1 22 19239672 T G 0 47.875 0.004166666666666667 37 0 44 0 24 0 35 0 120 0.0333333333333 42 0 29 0 52 0
CRTC1 19 18705680 G C 0 66.625 0.0043859649122807015 110 0 40 0 55 0 45 0 75 0 114 0.0350877192982 71 0 23 0
NOTCH1 9 136499490 G A 0 63.875 0.0033333333333333335 108 0 19 0 150 0.0266666666667 56 0 43 0 37 0 47 0 51 0
DROSHA 5 31412570 A C 0 53.25 0.17335442855495328 36 0 52 0 106 0 68 0 52 0.442307692308 60 0 23 0.565217391304 29 0.379310344828
CD79B 17 63929937 C A 0 72.125 0.06888139775550581 118 0.177966101695 82 0.158536585366 92 0.0760869565217 65 0.138461538462 35 0 58 0 38 0 89 0
KNL1 15 40619803 G C 0 47.875 0.07119953689721131 21 0.238095238095 55 0.145454545455 43 0.186046511628 31 0 63 0 61 0 21 0 88 0
FCGR2B 1 161673867 G T 0 46.75 0.005376344086021506 54 0 60 0 16 0 47 0 93 0.0430107526882 31 0 38 0 35 0
U2AF1 21 43106230 G T 0 90.125 0.013157894736842105 73 0 43 0 69 0 57 0.105263157895 168 0 159 0 44 0 108 0
CLIP1 12 122378411 G T 0 59.5 0.19276662898059166 39 0 40 0 183 0 47 0 58 0.534482758621 18 0 30 0.466666666667 61 0.540983606557
TBL1XR1 3 177142474 A T 0 43.5 0.0078125 16 0 42 0 33 0 68 0 34 0 64 0.0625 22 0 69 0
MAF 16 79599120 T A 0 56.75 0.22022519153323783 56 0 39 0 57 0 84 0 24 0.333333333333 71 0.478873239437 22 0.454545454545 101 0.49504950495
GNA11 19 3098018 A C 0 47.125 0.04039869029275809 118 0.118644067797 44 0.204545454545 15 0 29 0 22 0 36 0 21 0 92 0
ACVR1B 12 51959177 C T 0 59.0 0.010135135135135136 39 0 98 0 70 0 45 0 74 0.0810810810811 23 0 98 0 25 0
KIF5B 10 32046972 A C 0 43.25 0.18463786971983692 46 0 36 0 35 0.114285714286 40 0 61 0.475409836066 27 0.407407407407 76 0 25 0.48
APC 5 112791456 T C 0 88.625 0.0044014084507042256 113 0 77 0 27 0 81 0 155 0 36 0 142 0.0352112676056 78 0
MYB 6 135183210 G A 0 63.5 0.015625 83 0 29 0 81 0 23 0 32 0.125 63 0 115 0 82 0
MALT1 18 58711615 T A 0 52.5 0.03154264214046823 46 0.0869565217391 99 0 80 0.05 52 0.115384615385 24 0 20 0 20 0 79 0
KDR 4 55108265 G T 0 75.125 0.015011098779134296 20 0 63 0 92 0 59 0 85 0.0823529411765 53 0 123 0 106 0.0377358490566
MDM2 12 68830144 G C 0 59.125 0.007692307692307693 46 0 15 0 90 0 77 0 40 0 66 0 65 0.0615384615385 74 0
EBF1 5 158872932 T C 0 61.875 0.006060606060606061 70 0 51 0 73 0 165 0.0484848484848 40 0 59 0 15 0 22 0
RNF43 17 58395160 C G 0 79.625 0.004032258064516129 38 0 18 0 17 0 60 0 75 0 221 0 124 0.0322580645161 84 0
NFIB 9 14161466 T G 0 48.0 0.005434782608695652 92 0.0434782608696 77 0 22 0 66 0 21 0 55 0 15 0 36 0
PREX2 8 67977606 A T 0 57.875 0.004111842105263158 58 0 39 0 152 0.0328947368421 47 0 18 0 45 0 57 0 47 0
OLIG2 21 33027016 G C 0 56.75 0.04428143374038897 67 0.119402985075 88 0.0681818181818 52 0 30 0.166666666667 20 0 126 0 30 0 41 0
CRTC1 19 18723076 T C 0 58.125 0.2142543530716056 16 0 106 0 88 0.0568181818182 51 0 50 0.64 21 0 51 0.529411764706 82 0.487804878049
NUP214 9 131145093 T C 0 50.75 0.11363636363636363 26 0 41 0 63 0 86 0 109 0 33 0.393939393939 15 0 33 0.515151515152
WWTR1 3 149620114 T C 0 75.375 0.009868421052631578 18 0 17 0 95 0 94 0 109 0 29 0 127 0 114 0.0789473684211
ARNT 1 150875531 T C 0 60.5 0.07852328431372549 20 0 23 0 122 0 36 0 43 0 85 0.282352941176 75 0.133333333333 80 0.2125
NTRK2 9 84696470 T C 0 52.625 0.05299373306233062 57 0 66 0 31 0 41 0 32 0.1875 82 0.0975609756098 40 0 72 0.138888888889
PTK6 20 63536540 C T 0 57.75 0.17857117072710932 37 0 26 0 78 0 38 0 79 0.227848101266 66 0.424242424242 47 0.446808510638 91 0.32967032967
CSF3R 1 36475438 A G 0 50.875 0.03356164383561644 58 0 29 0 36 0 88 0 73 0.0684931506849 32 0 40 0.2 51 0
MSH6 2 47808880 G C 0 55.5 0.006443298969072165 151 0 34 0 54 0 97 0.0515463917526 28 0 37 0 24 0 19 0
ARID1B 6 157201198 T A 0 56.875 0.020833333333333332 73 0 48 0 48 0 27 0 75 0 24 0.166666666667 58 0 102 0
JAK3 19 17830111 G A 0 76.375 0.021261363636363637 176 0.0340909090909 49 0 87 0 125 0.136 75 0 39 0 35 0 25 0
FAT1 4 186708524 T A 0 70.375 0.02242063492063492 60 0.1 101 0 63 0.0793650793651 57 0 171 0 53 0 36 0 22 0
NT5C2 10 103187793 C A 0 62.75 0.012284405318002156 92 0.0652173913043 121 0.0330578512397 40 0 115 0 32 0 54 0 26 0 22 0
POT1 7 124898212 A C 0 59.875 0.0032679738562091504 55 0 30 0 92 0 16 0 40 0 41 0 52 0 153 0.0261437908497
BIRC3 11 102323465 T C 0 67.875 0.2164077472406498 106 0.0377358490566 58 0 72 0.111111111111 101 0 54 0 73 0.479452054795 54 0.462962962963 25 0.64
HIP1 7 75675579 G T 0 53.25 0.0056179775280898875 36 0 33 0 143 0 27 0 40 0 89 0.0449438202247 22 0 36 0
DNAJB1 19 14516334 A G 0 77.75 0.0031645569620253164 60 0 96 0 32 0 113 0 237 0.0253164556962 49 0 15 0 20 0
PRRX1 1 170688995 A C 0 54.5 0.01611111111111111 37 0 56 0 19 0 27 0 100 0.04 48 0 104 0 45 0.0888888888889
GOPC 6 117578278 C A 0 54.125 0.00625 66 0 20 0 34 0 54 0 80 0.05 88 0 23 0 68 0
BARD1 2 214794501 C G 0 49.5 0.033766233766233764 118 0 44 0 49 0 31 0 38 0 55 0.127272727273 28 0.142857142857 33 0
STRN 2 36865644 T C 0 65.0 0.0041946308724832215 149 0.0335570469799 16 0 32 0 75 0 45 0 99 0 89 0 15 0
TNFAIP3 6 137876101 C A 0 54.75 0.013297872340425532 29 0 70 0 15 0 46 0 61 0 120 0 50 0 47 0.106382978723
SS18 18 26049894 C G 0 80.5 0.04108407540488465 84 0 16 0 47 0 49 0 74 0.0945945945946 111 0.153153153153 173 0.0809248554913 90 0
CBFA2T3 16 88897536 G T 0 74.0 0.006127450980392157 33 0 102 0.0490196078431 144 0 64 0 25 0 72 0 75 0 77 0
IL6ST 5 55946808 G T 0 39.75 0.004464285714285714 27 0 112 0.0357142857143 26 0 23 0 27 0 31 0 17 0 55 0
RARA 17 40344928 A T 0 56.25 0.17884615384615385 28 0 60 0 19 0 103 0 72 0.5 78 0.564102564103 30 0.366666666667 60 0
TFEB 6 41694178 T G 0 52.25 0.004901960784313725 92 0 98 0 23 0 46 0 17 0 25 0 15 0 102 0.0392156862745
PPP2R1A 19 52199007 T C 0 56.625 0.007978723404255319 15 0 34 0 51 0 60 0 70 0 94 0.063829787234 87 0 42 0
LRIG3 12 58909463 C G 0 65.625 0.02564102564102564 15 0 16 0 107 0 205 0 39 0.205128205128 43 0 33 0 67 0
PIK3CB 3 138756428 T G 0 47.875 0.28073388501742164 52 0 76 0 35 0 35 0 50 0.62 41 0.536585365854 56 0.589285714286 38 0.5
BRCA2 13 32319928 T G 0 53.75 0.020833333333333332 81 0 24 0.166666666667 48 0 65 0 74 0 44 0 40 0 54 0
PAX5 9 37009559 A C 0 50.125 0.19020536879388555 121 0.0330578512397 48 0 42 0 26 0 77 0.467532467532 38 0 19 0.421052631579 30 0.6
DDR2 1 162660400 T A 0 63.5 0.008333333333333333 62 0 70 0 48 0 28 0 102 0 86 0 60 0.0666666666667 52 0
BCL9 1 147600314 C A 0 92.5 0.025948897370653097 175 0 64 0 35 0 48 0 72 0.138888888889 80 0 131 0.0687022900763 135 0
EWSR1 22 29275035 C G 0 79.75 0.0047169811320754715 35 0 37 0 57 0 81 0 211 0 106 0.0377358490566 65 0 46 0
EIF4A2 3 186784828 A T 0 71.5 0.005494505494505495 99 0 91 0.043956043956 131 0 78 0 17 0 63 0 17 0 76 0
CSF3R 1 36466324 G A 0 54.125 0.006097560975609756 54 0 121 0 21 0 19 0 82 0.0487804878049 92 0 23 0 21 0
JAK1 1 64884762 A T 0 53.625 0.04014297106402369 33 0 40 0 35 0 45 0 28 0.214285714286 88 0.0454545454545 114 0.0614035087719 46 0
HMGA1 6 34241681 C A 0 71.625 0.0035460992907801418 127 0 56 0 32 0 52 0 141 0.0283687943262 41 0 50 0 74 0
SET 9 128692500 G T 0 70.25 0.004201680672268907 21 0 116 0 84 0 59 0 119 0.0336134453782 24 0 120 0 19 0
CUX1 7 102218541 G T 0 58.25 0.003067484662576687 33 0 60 0 118 0 18 0 17 0 163 0.0245398773006 15 0 42 0
MAFB 20 40686294 C A 0 55.5 0.005434782608695652 47 0 16 0 134 0 28 0 92 0.0434782608696 16 0 67 0 44 0
BIRC3 11 102319306 T G 0 59.625 0.009191176470588236 85 0 85 0 16 0 35 0 43 0 68 0.0735294117647 127 0 18 0
PIK3CA 3 179202013 C G 0 73.125 0.013888888888888888 58 0 130 0 18 0 84 0 91 0 25 0 143 0 36 0.111111111111
BRD4 19 15244197 A T 0 74.125 0.0040650406504065045 42 0 54 0 112 0 77 0 27 0 84 0 74 0 123 0.0325203252033
ETV4 17 43542117 A T 0 55.375 0.0125 68 0 129 0 41 0 16 0 28 0 17 0 80 0.1 64 0
SF3B1 2 197429748 T G 0 56.625 0.016025641025641024 39 0.128205128205 42 0 98 0 26 0 91 0 38 0 56 0 63 0
KAT6A 8 41971261 C A 0 65.5 0.2602819791168976 60 0 39 0 116 0 84 0 117 0.487179487179 23 0.478260869565 64 0.640625 21 0.47619047619
NTRK3 15 88075894 G C 0 38.0 0.1947916666666667 43 0 28 0 76 0 42 0 25 0.4 20 0.45 46 0 24 0.708333333333
SSX1 X 48255552 G T 0 67.5 0.18780256481869384 95 0 52 0 58 0 75 0 31 0.516129032258 37 0 66 0.454545454545 126 0.531746031746
MAPK1 22 21824466 G T 0 50.75 0.009174311926605505 31 0 24 0 47 0 58 0 109 0.0733944954128 67 0 47 0 23 0
SYK 9 90848494 A G 0 71.0 0.006377551020408163 65 0 77 0 111 0 33 0 98 0.0510204081633 26 0 109 0 49 0
TFG 3 100746488 G C 0 66.875 0.22165283853466605 58 0 97 0 44 0 62 0 29 0.448275862069 166 0.560240963855 45 0 34 0.764705882353
BCR 22 23285395 T C 0 60.375 0.008928571428571428 129 0 19 0 57 0 56 0.0714285714286 36 0 127 0 22 0 37 0
HIP1 7 75651485 A C 0 81.5 0.00436046511627907 39 0 172 0.0348837209302 46 0 127 0 50 0 58 0 103 0 57 0
PLAG1 8 56162377 C G 0 68.125 0.30786728031188876 50 0.12 85 0.0941176470588 38 0.184210526316 84 0 71 0.464788732394 159 0.509433962264 41 0.560975609756 17 0.529411764706
NUTM2B 10 79709542 A C 0 70.0 0.005434782608695652 91 0 51 0 161 0.0434782608696 54 0 34 0 28 0 62 0 79 0
CDKN1B 12 12719567 G A 0 55.25 0.013020833333333334 45 0 46 0 66 0 72 0 48 0.104166666667 46 0 57 0 62 0
CDX2 13 27970287 T G 0 63.125 0.007267441860465116 71 0 53 0 86 0.0581395348837 107 0 26 0 99 0 15 0 48 0
NSD2 4 1947981 G A 0 49.125 0.003816793893129771 38 0 18 0 30 0 30 0 68 0 131 0.030534351145 18 0 60 0
KNL1 15 40607752 T G 0 38.375 0.005387931034482759 27 0 32 0 36 0 116 0.0431034482759 23 0 15 0 40 0 18 0
MLLT1 19 6229633 A C 0 43.0 0.06950280112044818 84 0.119047619048 38 0 35 0.142857142857 17 0.294117647059 21 0 18 0 27 0 104 0
FAT4 4 125340793 C G 0 93.125 0.010034969535741869 271 0.0221402214022 23 0 86 0.0581395348837 35 0 112 0 104 0 67 0 47 0
CLTCL1 22 19222460 A G 0 47.625 0.006666666666666667 65 0 88 0 18 0 75 0.0533333333333 19 0 41 0 29 0 46 0
PPARG 3 12413320 G A 0 62.625 0.01020408163265306 85 0 49 0.0816326530612 53 0 27 0 139 0 19 0 76 0 53 0
TRIM33 1 114393306 C A 0 53.125 0.00684931506849315 15 0 87 0 43 0 22 0 73 0.0547945205479 59 0 46 0 80 0
CNBP 3 129176656 A G 0 86.75 0.2882175696794477 49 0 40 0 190 0 15 0 53 0.490566037736 292 0.445205479452 38 0.605263157895 17 0.764705882353
ZFHX3 16 73406694 A G 0 36.875 0.24664786967418545 57 0 46 0 33 0 15 0 38 0.368421052632 21 0.47619047619 15 0.6 70 0.528571428571
KDM5A 12 367725 T A 0 65.125 0.004273504273504274 18 0 117 0.034188034188 39 0 66 0 84 0 47 0 94 0 56 0
ARNT 1 150855211 C T 0 48.125 0.013888888888888888 35 0 58 0 39 0 81 0 36 0.111111111111 69 0 24 0 43 0
CIC 19 42292226 C G 0 46.25 0.0033783783783783786 22 0 148 0.027027027027 39 0 15 0 22 0 39 0 69 0 16 0
ABL1 9 130769949 T G 0 60.875 0.20094957975125882 82 0 35 0 79 0 16 0 43 0 59 0.508474576271 66 0.575757575758 107 0.523364485981
ERBB3 12 56087941 A G 0 79.75 0.003771551724137931 56 0 95 0 31 0 41 0 26 0 232 0.0301724137931 66 0 91 0
SMARCA4 19 11009843 A T 0 46.75 0.19179061784897022 28 0 79 0 43 0 55 0 38 0.447368421053 18 0.666666666667 69 0.420289855072 44 0
CALR 19 12940685 C A 0 54.75 0.27009042681456474 33 0 74 0 94 0 31 0 88 0.590909090909 29 0.448275862069 50 0.66 39 0.461538461538
ARNT 1 150820260 C A 0 63.0 0.004310344827586207 77 0 58 0 23 0 109 0 116 0.0344827586207 83 0 23 0 15 0
FGFR1OP 6 167010479 A T 0 91.25 0.023261612995155313 249 0 126 0 64 0 39 0 58 0.103448275862 53 0 20 0 121 0.0826446280992
KDM6A X 45085448 T G 0 65.625 0.007407407407407408 15 0 15 0 135 0.0592592592593 30 0 91 0 34 0 113 0 92 0
MAFB 20 40685983 G T 0 72.75 0.005978260869565218 75 0 230 0.0478260869565 24 0 82 0 30 0 69 0 55 0 17 0
IDH2 15 90087990 C T 0 69.0 0.023415393322014713 62 0.0645161290323 120 0 55 0 57 0.122807017544 48 0 26 0 148 0 36 0
RAD21 8 116862599 G C 0 59.0 0.0418956043956044 38 0 163 0 29 0 57 0 35 0.142857142857 41 0 26 0.192307692308 83 0
FOXO3 6 108590470 C G 0 62.25 0.25376277720027723 32 0 108 0 65 0 23 0 37 0.702702702703 37 0.540540540541 52 0.307692307692 144 0.479166666667
KMT2A 11 118512016 A C 0 52.625 0.0045045045045045045 22 0 33 0 30 0 17 0 111 0.036036036036 31 0 45 0 132 0
MLLT1 19 6266770 C T 0 45.625 0.014204545454545454 87 0 31 0 33 0 33 0 32 0 25 0 44 0.113636363636 80 0
PREX2 8 68041160 C T 0 39.5 0.2805786470033294 16 0 29 0.137931034483 65 0.0769230769231 43 0 22 0.454545454545 57 0.508771929825 55 0.618181818182 29 0.448275862069
BIRC3 11 102335141 A C 0 49.75 0.21329185315160154 41 0.121951219512 36 0 103 0.0388349514563 46 0 105 0.52380952381 28 0 23 0.521739130435 16 0.5
ASXL1 20 32369969 T G 0 70.0 0.0033068783068783067 76 0 65 0 24 0 40 0 189 0.026455026455 17 0 19 0 130 0
ACVR1B 12 51966015 A C 0 49.5 0.009308510638297872 94 0.0744680851064 69 0 26 0 15 0 30 0 34 0 56 0 72 0
PER1 17 8140737 C T 0 58.5 0.007692307692307693 32 0 22 0 72 0 47 0 103 0 16 0 46 0 130 0.0615384615385
MPL 1 43348256 A T 0 55.625 0.14465156491018563 154 0.0844155844156 33 0 55 0 77 0 40 0 30 0 27 0.555555555556 29 0.51724137931
JUN 1 58783697 T C 0 62.625 0.007692307692307693 64 0 39 0 19 0 64 0 130 0.0615384615385 108 0 45 0 32 0
TAL1 1 47224257 G A 0 38.25 0.005841121495327103 22 0 107 0.0467289719626 41 0 15 0 23 0 49 0 33 0 16 0
IL2 4 122452460 G T 0 69.375 0.006097560975609756 49 0 65 0 100 0 107 0 69 0 82 0.0487804878049 35 0 48 0
SMARCB1 22 23809283 A C 0 62.125 0.0035310734463276836 71 0 60 0 177 0.0282485875706 65 0 42 0 31 0 23 0 28 0
LMNA 1 156130511 G C 0 47.625 0.011363636363636364 78 0 27 0 30 0 85 0 37 0 33 0 47 0 44 0.0909090909091
PDGFRB 5 150133064 T A 0 47.125 0.07664355992844366 24 0 61 0 48 0 17 0 37 0 52 0.173076923077 52 0.230769230769 86 0.209302325581
PRDM16 1 3180249 G C 0 69.5 0.00510204081632653 17 0 70 0 98 0.0408163265306 69 0 83 0 24 0 156 0 39 0
LRP1B 2 141496247 T A 0 69.375 0.013888888888888888 79 0 130 0 36 0.111111111111 61 0 158 0 18 0 44 0 29 0
NTRK2 9 84798680 C T 0 81.875 0.003360215053763441 34 0 137 0 42 0 79 0 26 0 186 0.0268817204301 104 0 47 0
HNRNPA2B1 7 26199826 C T 0 51.75 0.003787878787878788 18 0 34 0 36 0 83 0 62 0 132 0.030303030303 25 0 24 0
DDR2 1 162633616 C G 0 64.125 0.194760101010101 17 0 124 0 31 0 53 0 30 0 143 0.517482517483 52 0.596153846154 63 0.444444444444
MTOR 1 11200150 C G 0 76.25 0.00992063492063492 33 0 63 0.0793650793651 21 0 64 0 186 0 112 0 80 0 51 0
SRC 20 37365127 T A 0 51.125 0.01020408163265306 49 0.0816326530612 57 0 134 0 18 0 39 0 43 0 33 0 36 0
TBL1XR1 3 177131166 T C 0 51.125 0.01840080294412847 28 0 49 0.0816326530612 61 0.0655737704918 84 0 66 0 75 0 24 0 22 0
PTPRT 20 42803597 C T 0 57.625 0.01249098124098124 34 0 99 0.040404040404 33 0 84 0.0595238095238 29 0 102 0 51 0 29 0
JAK1 1 64924914 C T 0 42.125 0.007042253521126761 32 0 41 0 52 0 71 0.056338028169 22 0 35 0 49 0 35 0
BCL9 1 147619694 A T 0 58.875 0.30993066747022574 20 0 28 0.178571428571 23 0.217391304348 106 0 43 0.53488372093 67 0.522388059701 130 0.507692307692 54 0.518518518519
ARHGAP35 19 46938126 T A 0 58.875 0.2571201105569909 20 0 106 0 71 0 26 0 66 0.530303030303 89 0.516853932584 42 0.5 51 0.509803921569
U2AF1 21 43096418 G T 0 65.25 0.02976475916453538 69 0.0579710144928 68 0.117647058824 80 0.0625 58 0 93 0 44 0 63 0 47 0
BCL7A 12 122045711 C T 0 49.375 0.011538461538461539 65 0.0923076923077 109 0 47 0 20 0 32 0 53 0 25 0 44 0
BCL3 19 44754668 C T 0 88.125 0.006147540983606557 43 0 81 0 238 0 40 0 122 0.0491803278689 82 0 26 0 73 0
KEAP1 19 10491395 C A 0 90.0 0.03750417641162713 84 0 73 0.0958904109589 41 0.121951219512 73 0.0821917808219 62 0 145 0 186 0 56 0
GAS7 17 9937927 C G 0 62.5 0.004562043795620438 45 0 84 0 35 0 34 0 32 0 73 0 137 0.036496350365 60 0
ZBTB16 11 114088646 T C 0 56.875 0.030211832773422917 114 0.114035087719 41 0 47 0.127659574468 20 0 135 0 20 0 54 0 24 0
CDKN2A 9 21970657 C A 0 52.25 0.02667845976633207 103 0.145631067961 34 0 28 0 59 0.0677966101695 43 0 52 0 37 0 62 0
HGF 7 81752361 T C 0 65.25 0.0075 55 0 88 0 40 0 19 0 100 0.06 20 0 114 0 86 0
BAX 19 48959033 T C 0 47.75 0.011363636363636364 40 0 37 0 22 0 19 0 55 0.0909090909091 88 0 19 0 102 0
BCL11A 2 60461335 A C 0 64.5 0.06635019161774298 105 0.190476190476 73 0.246575342466 64 0.09375 27 0 162 0 16 0 54 0 15 0
DDX6 11 118762206 T G 0 67.375 0.022258321933424533 68 0 55 0 23 0 80 0 34 0.147058823529 103 0 47 0 129 0.031007751938
PER1 17 8147998 G T 0 71.125 0.00539568345323741 18 0 95 0 92 0 24 0 123 0 139 0.0431654676259 42 0 36 0
NSD3 8 38323143 C T 0 56.625 0.04422837003306094 65 0 41 0 30 0 49 0 82 0.0975609756098 23 0.173913043478 78 0 85 0.0823529411765
STAT6 12 57101681 A C 0 64.0 0.017255399427530575 34 0 70 0 38 0 39 0 122 0.0983606557377 32 0 51 0 126 0.0396825396825
PREX2 8 68177914 A T 0 49.375 0.06302656955793534 34 0.117647058824 34 0.176470588235 114 0.0789473684211 61 0.131147540984 29 0 50 0 31 0 42 0
CARD11 7 2917162 G C 0 87.0 0.006147540983606557 37 0 76 0 28 0 146 0 122 0.0491803278689 153 0 86 0 48 0
RBM10 X 47148059 T C 0 64.75 0.004761904761904762 19 0 131 0 112 0 32 0 32 0 50 0 105 0.0380952380952 37 0
PPP2R1A 19 52219292 C A 0 64.125 0.23455721055297168 37 0 58 0 15 0 122 0 58 0.48275862069 41 0.512195121951 97 0.422680412371 85 0.458823529412
ATF1 12 50775968 T C 0 68.625 0.004464285714285714 60 0 30 0 52 0 96 0 104 0 112 0.0357142857143 35 0 60 0
NKX2-1 14 36517754 G A 0 41.25 0.04092674805771365 34 0.176470588235 17 0 53 0.150943396226 82 0 41 0 17 0 51 0 35 0
FLT3 13 28036019 T A 0 56.625 0.019395258103241296 76 0 16 0 73 0 100 0 52 0 19 0 68 0.0735294117647 49 0.0816326530612
NUTM1 15 34346292 G A 0 62.75 0.006067961165048544 40 0 75 0 29 0 57 0 142 0 39 0 103 0.0485436893204 17 0
DNM2 19 10722932 G A 0 49.5 0.2417296375914707 41 0 34 0 17 0 95 0 28 0.535714285714 102 0.460784313725 43 0.46511627907 36 0.472222222222
CNTRL 9 121102196 G T 0 70.75 0.004704301075268817 42 0 186 0.0376344086022 24 0 118 0 42 0 48 0 71 0 35 0
KDM5A 12 384693 T A 0 44.375 0.00625 31 0 80 0.05 85 0 35 0 18 0 38 0 24 0 44 0
GPHN 14 66727889 C A 0 73.125 0.009615384615384616 60 0 34 0 84 0 52 0.0769230769231 103 0 162 0 52 0 38 0
QKI 6 163493253 G T 0 46.0 0.2641258741258741 42 0 56 0 74 0 18 0 80 0.6 50 0.52 22 0.454545454545 26 0.538461538462
CSF3R 1 36472406 T G 0 81.25 0.021476412347117065 35 0 58 0 133 0 51 0 202 0.0247524752475 66 0 71 0 34 0.147058823529
CALR 19 12942582 G T 0 62.25 0.01631901203819012 73 0.0547945205479 31 0 66 0.0757575757576 24 0 47 0 46 0 92 0 119 0
ARNT 1 150841315 G A 0 55.375 0.011904761904761904 37 0 61 0 21 0 28 0 86 0 47 0 121 0 42 0.0952380952381
PRKACA 19 14092489 A T 0 59.5 0.008333333333333333 28 0 68 0 113 0 66 0 66 0 42 0 33 0 60 0.0666666666667
WT1 11 32404356 C T 0 54.25 0.00508130081300813 36 0 19 0 42 0 17 0 75 0 71 0 51 0 123 0.0406504065041
